PFRMAT RR
TARGET 616271
AUTHOR RaptorX
METHOD deep dilated convolutional residual neural networks by Jinbo Xu (jinboxu@gmail.com)
RMODE 2
REMARK format is explained at https://predictioncenter.org/casp14/index.cgi?page=format#RR
REMARK SEQ VSCEDCPEHCSTQKAQAKCDNDKCVCEPI
MODEL 1
17 24 0.936 0.013 0.494 0.429 0.029 0.008 0.005 0.004 0.004 0.003 0.010
18 25 0.929 0.020 0.733 0.176 0.027 0.010 0.004 0.004 0.004 0.005 0.016
17 26 0.914 0.023 0.728 0.163 0.024 0.021 0.008 0.007 0.003 0.003 0.019
15 26 0.909 0.107 0.639 0.163 0.033 0.018 0.011 0.008 0.006 0.004 0.012
16 27 0.882 0.039 0.692 0.151 0.044 0.022 0.009 0.008 0.006 0.005 0.024
15 27 0.874 0.004 0.220 0.650 0.052 0.021 0.008 0.009 0.006 0.005 0.024
18 24 0.874 0.000 0.026 0.848 0.073 0.014 0.005 0.005 0.005 0.006 0.018
17 25 0.872 0.001 0.040 0.831 0.077 0.017 0.005 0.005 0.004 0.005 0.014
16 26 0.857 0.001 0.049 0.808 0.072 0.023 0.010 0.009 0.006 0.005 0.017
15 28 0.816 0.019 0.520 0.276 0.059 0.040 0.018 0.014 0.008 0.006 0.040
18 27 0.761 0.004 0.196 0.561 0.176 0.020 0.007 0.006 0.006 0.005 0.019
19 25 0.721 0.001 0.034 0.686 0.244 0.011 0.005 0.003 0.003 0.003 0.010
14 29 0.691 0.052 0.449 0.191 0.091 0.053 0.030 0.024 0.018 0.014 0.079
15 29 0.689 0.011 0.254 0.424 0.117 0.048 0.025 0.020 0.015 0.011 0.074
18 26 0.620 0.001 0.019 0.601 0.323 0.018 0.009 0.004 0.005 0.005 0.016
17 27 0.572 0.001 0.026 0.545 0.344 0.029 0.014 0.007 0.005 0.005 0.023
14 28 0.567 0.002 0.078 0.486 0.222 0.077 0.033 0.019 0.014 0.012 0.057
16 29 0.528 0.008 0.189 0.330 0.187 0.087 0.042 0.030 0.023 0.018 0.087
10 26 0.527 0.029 0.248 0.251 0.209 0.111 0.053 0.030 0.018 0.012 0.040
6 24 0.521 0.049 0.276 0.196 0.161 0.104 0.060 0.039 0.028 0.020 0.066
3 24 0.506 0.070 0.301 0.135 0.103 0.078 0.058 0.045 0.038 0.032 0.139
6 26 0.408 0.016 0.158 0.235 0.257 0.142 0.066 0.037 0.024 0.017 0.049
16 28 0.364 0.001 0.021 0.342 0.463 0.060 0.029 0.014 0.011 0.011 0.049
13 29 0.306 0.004 0.075 0.227 0.315 0.126 0.058 0.037 0.025 0.019 0.114
3 19 0.285 0.028 0.143 0.114 0.106 0.092 0.081 0.078 0.073 0.066 0.219
7 26 0.248 0.003 0.057 0.188 0.294 0.196 0.104 0.058 0.033 0.018 0.048
3 26 0.225 0.011 0.093 0.122 0.205 0.187 0.108 0.068 0.048 0.036 0.122
5 24 0.205 0.004 0.060 0.140 0.245 0.195 0.101 0.058 0.041 0.033 0.122
7 24 0.205 0.003 0.044 0.158 0.285 0.186 0.102 0.064 0.043 0.029 0.086
9 26 0.197 0.002 0.040 0.154 0.314 0.243 0.114 0.051 0.025 0.014 0.042
4 24 0.160 0.002 0.034 0.124 0.266 0.189 0.096 0.060 0.045 0.036 0.148
2 24 0.157 0.002 0.032 0.123 0.239 0.171 0.100 0.067 0.051 0.041 0.175
3 23 0.148 0.002 0.034 0.112 0.205 0.163 0.106 0.082 0.062 0.047 0.187
13 28 0.148 0.002 0.038 0.108 0.299 0.316 0.088 0.041 0.021 0.013 0.074
6 17 0.144 0.004 0.044 0.097 0.167 0.164 0.148 0.123 0.088 0.061 0.105
6 19 0.133 0.006 0.053 0.074 0.132 0.141 0.121 0.106 0.089 0.075 0.203
3 22 0.129 0.004 0.045 0.079 0.158 0.153 0.112 0.090 0.075 0.064 0.219
3 17 0.121 0.003 0.037 0.081 0.164 0.149 0.121 0.103 0.085 0.070 0.188
3 10 0.116 0.005 0.043 0.068 0.150 0.191 0.164 0.132 0.082 0.049 0.116
1 24 0.114 0.002 0.031 0.080 0.174 0.192 0.132 0.085 0.061 0.048 0.195
10 17 0.104 0.003 0.031 0.071 0.164 0.195 0.160 0.132 0.091 0.059 0.096
3 25 0.102 0.001 0.016 0.085 0.252 0.187 0.106 0.084 0.064 0.046 0.159
9 15 0.100 0.003 0.030 0.067 0.189 0.249 0.164 0.122 0.072 0.043 0.060
7 17 0.093 0.002 0.028 0.063 0.133 0.157 0.152 0.142 0.114 0.082 0.128
10 24 0.092 0.002 0.020 0.071 0.209 0.243 0.168 0.102 0.062 0.041 0.084
11 26 0.081 0.001 0.011 0.069 0.273 0.293 0.178 0.083 0.036 0.017 0.039
10 28 0.079 0.001 0.017 0.061 0.242 0.331 0.167 0.075 0.034 0.018 0.055
2 22 0.078 0.002 0.025 0.052 0.090 0.134 0.149 0.128 0.094 0.070 0.257
6 25 0.076 0.000 0.011 0.064 0.250 0.282 0.147 0.084 0.051 0.031 0.079
2 19 0.070 0.001 0.014 0.055 0.144 0.156 0.123 0.106 0.091 0.077 0.233
10 16 0.068 0.001 0.017 0.050 0.147 0.247 0.190 0.140 0.089 0.055 0.065
12 29 0.065 0.001 0.013 0.051 0.250 0.324 0.142 0.062 0.032 0.020 0.104
8 15 0.063 0.002 0.019 0.042 0.124 0.234 0.191 0.153 0.095 0.055 0.086
6 15 0.059 0.001 0.015 0.044 0.136 0.202 0.211 0.163 0.090 0.050 0.088
4 22 0.059 0.001 0.015 0.043 0.104 0.142 0.148 0.129 0.097 0.071 0.249
3 18 0.058 0.001 0.012 0.046 0.168 0.179 0.128 0.107 0.090 0.072 0.197
10 29 0.057 0.001 0.012 0.044 0.178 0.311 0.213 0.097 0.039 0.020 0.086
1 19 0.055 0.001 0.015 0.039 0.107 0.152 0.128 0.112 0.097 0.081 0.268
7 15 0.055 0.002 0.016 0.038 0.119 0.193 0.214 0.166 0.101 0.059 0.094
10 27 0.053 0.000 0.008 0.045 0.250 0.349 0.170 0.078 0.035 0.017 0.047
9 17 0.049 0.001 0.012 0.036 0.115 0.173 0.187 0.168 0.119 0.074 0.114
4 19 0.049 0.001 0.009 0.039 0.146 0.161 0.126 0.104 0.086 0.071 0.258
13 26 0.045 0.000 0.005 0.039 0.267 0.380 0.202 0.050 0.014 0.009 0.034
3 9 0.045 0.001 0.011 0.033 0.121 0.211 0.212 0.173 0.101 0.052 0.087
1 26 0.043 0.001 0.010 0.032 0.093 0.159 0.186 0.161 0.109 0.068 0.181
3 11 0.043 0.001 0.012 0.030 0.084 0.134 0.173 0.173 0.133 0.091 0.169
11 29 0.042 0.001 0.010 0.031 0.121 0.264 0.260 0.143 0.055 0.024 0.091
7 19 0.039 0.001 0.009 0.030 0.087 0.127 0.138 0.132 0.116 0.100 0.260
5 23 0.039 0.000 0.009 0.029 0.081 0.172 0.214 0.171 0.095 0.053 0.174
2 26 0.039 0.000 0.007 0.032 0.114 0.184 0.213 0.160 0.091 0.055 0.144
6 18 0.039 0.001 0.009 0.030 0.111 0.174 0.168 0.144 0.111 0.082 0.171
6 23 0.039 0.000 0.006 0.033 0.165 0.233 0.181 0.124 0.076 0.049 0.133
8 17 0.038 0.001 0.010 0.027 0.084 0.155 0.191 0.187 0.136 0.085 0.123
5 26 0.038 0.000 0.006 0.032 0.196 0.300 0.199 0.100 0.053 0.033 0.080
1 22 0.038 0.001 0.011 0.027 0.074 0.121 0.136 0.142 0.120 0.086 0.285
7 16 0.037 0.001 0.010 0.027 0.073 0.133 0.185 0.209 0.153 0.090 0.120
12 26 0.037 0.000 0.004 0.033 0.239 0.363 0.215 0.078 0.024 0.010 0.034
4 23 0.037 0.000 0.010 0.027 0.084 0.189 0.204 0.152 0.088 0.053 0.194
8 14 0.036 0.001 0.009 0.026 0.060 0.179 0.193 0.205 0.138 0.089 0.100
16 25 0.035 0.000 0.003 0.032 0.748 0.149 0.019 0.014 0.007 0.007 0.020
8 16 0.035 0.001 0.010 0.024 0.064 0.121 0.180 0.213 0.169 0.098 0.121
4 10 0.034 0.001 0.007 0.026 0.113 0.237 0.207 0.152 0.097 0.062 0.099
3 20 0.033 0.000 0.007 0.026 0.108 0.153 0.136 0.117 0.102 0.086 0.265
3 21 0.033 0.001 0.007 0.026 0.098 0.149 0.148 0.118 0.097 0.084 0.272
12 28 0.033 0.000 0.006 0.027 0.203 0.369 0.223 0.072 0.027 0.014 0.058
5 19 0.032 0.000 0.005 0.027 0.106 0.152 0.155 0.128 0.099 0.080 0.249
9 24 0.031 0.000 0.004 0.027 0.152 0.256 0.218 0.137 0.076 0.044 0.084
2 23 0.030 0.000 0.007 0.023 0.082 0.181 0.186 0.148 0.089 0.056 0.227
9 28 0.030 0.000 0.006 0.024 0.103 0.231 0.284 0.188 0.074 0.030 0.060
9 16 0.030 0.001 0.008 0.021 0.075 0.184 0.216 0.202 0.131 0.070 0.092
1 7 0.028 0.001 0.007 0.021 0.081 0.180 0.186 0.167 0.119 0.083 0.155
1 17 0.028 0.001 0.007 0.019 0.063 0.119 0.160 0.158 0.125 0.092 0.255
14 27 0.028 0.000 0.006 0.022 0.416 0.411 0.044 0.029 0.013 0.009 0.051
1 10 0.028 0.001 0.007 0.020 0.060 0.115 0.153 0.160 0.134 0.102 0.249
6 16 0.027 0.000 0.006 0.020 0.078 0.176 0.228 0.192 0.122 0.071 0.105
1 23 0.026 0.000 0.006 0.020 0.061 0.150 0.171 0.157 0.111 0.068 0.255
11 28 0.026 0.000 0.006 0.019 0.099 0.276 0.304 0.168 0.053 0.020 0.055
2 10 0.025 0.001 0.005 0.019 0.073 0.141 0.196 0.187 0.137 0.088 0.153
8 26 0.024 0.000 0.004 0.020 0.158 0.365 0.239 0.104 0.043 0.021 0.045
7 18 0.023 0.000 0.006 0.017 0.061 0.131 0.166 0.164 0.139 0.109 0.207
10 18 0.022 0.000 0.004 0.018 0.074 0.158 0.204 0.182 0.132 0.089 0.140
6 12 0.022 0.001 0.005 0.017 0.134 0.245 0.193 0.156 0.099 0.072 0.079
7 25 0.022 0.000 0.004 0.018 0.100 0.292 0.247 0.138 0.075 0.042 0.084
4 17 0.022 0.000 0.005 0.016 0.065 0.141 0.177 0.161 0.126 0.097 0.212
10 25 0.022 0.000 0.003 0.018 0.145 0.298 0.216 0.132 0.076 0.042 0.070
4 26 0.022 0.000 0.004 0.018 0.108 0.247 0.238 0.149 0.078 0.045 0.114
3 15 0.021 0.000 0.005 0.016 0.052 0.103 0.168 0.188 0.151 0.109 0.208
1 9 0.021 0.000 0.005 0.015 0.044 0.094 0.150 0.178 0.162 0.121 0.230
14 26 0.021 0.000 0.004 0.017 0.331 0.531 0.051 0.019 0.011 0.007 0.030
9 29 0.019 0.000 0.004 0.014 0.060 0.165 0.271 0.238 0.109 0.044 0.093
11 17 0.019 0.000 0.004 0.014 0.059 0.151 0.196 0.204 0.160 0.113 0.098
5 22 0.018 0.000 0.003 0.015 0.076 0.146 0.175 0.158 0.118 0.080 0.228
1 18 0.018 0.000 0.004 0.013 0.042 0.103 0.165 0.178 0.137 0.099 0.257
10 19 0.017 0.000 0.006 0.011 0.034 0.084 0.151 0.182 0.159 0.127 0.246
6 27 0.017 0.000 0.002 0.015 0.102 0.267 0.271 0.154 0.077 0.042 0.070
8 24 0.016 0.000 0.002 0.013 0.103 0.266 0.256 0.151 0.079 0.043 0.085
5 11 0.016 0.000 0.003 0.012 0.061 0.167 0.183 0.173 0.141 0.118 0.141
3 27 0.016 0.000 0.002 0.013 0.070 0.168 0.224 0.178 0.107 0.069 0.168
7 13 0.016 0.000 0.004 0.012 0.070 0.199 0.199 0.205 0.128 0.088 0.096
15 25 0.015 0.000 0.002 0.013 0.450 0.457 0.035 0.013 0.009 0.005 0.016
2 17 0.015 0.000 0.003 0.012 0.053 0.136 0.200 0.173 0.123 0.089 0.211
2 11 0.015 0.000 0.004 0.011 0.035 0.068 0.126 0.187 0.184 0.144 0.241
5 17 0.015 0.000 0.003 0.011 0.053 0.131 0.188 0.184 0.144 0.104 0.180
7 14 0.015 0.000 0.004 0.011 0.052 0.146 0.189 0.222 0.154 0.096 0.127
2 9 0.015 0.000 0.003 0.011 0.053 0.120 0.175 0.217 0.173 0.105 0.143
3 28 0.014 0.000 0.003 0.011 0.043 0.087 0.127 0.173 0.186 0.144 0.227
7 28 0.014 0.000 0.002 0.011 0.057 0.140 0.226 0.245 0.157 0.076 0.085
3 16 0.013 0.000 0.003 0.010 0.047 0.126 0.192 0.178 0.131 0.098 0.215
2 21 0.013 0.000 0.003 0.010 0.041 0.087 0.140 0.166 0.136 0.104 0.312
1 25 0.013 0.000 0.003 0.010 0.044 0.144 0.214 0.198 0.119 0.068 0.201
6 28 0.013 0.000 0.002 0.011 0.058 0.156 0.253 0.236 0.131 0.065 0.088
6 13 0.013 0.000 0.003 0.010 0.062 0.164 0.204 0.206 0.138 0.089 0.125
4 11 0.013 0.000 0.003 0.009 0.047 0.129 0.177 0.192 0.149 0.106 0.188
6 14 0.013 0.000 0.003 0.010 0.046 0.120 0.203 0.211 0.164 0.108 0.135
1 21 0.012 0.000 0.003 0.009 0.032 0.078 0.136 0.165 0.146 0.110 0.321
1 15 0.012 0.000 0.003 0.008 0.026 0.057 0.102 0.150 0.168 0.145 0.341
1 11 0.011 0.000 0.003 0.008 0.028 0.066 0.116 0.160 0.162 0.136 0.321
1 20 0.011 0.000 0.003 0.008 0.027 0.069 0.131 0.178 0.149 0.115 0.321
1 8 0.011 0.000 0.003 0.008 0.038 0.103 0.168 0.196 0.157 0.110 0.218
17 29 0.011 0.000 0.002 0.009 0.109 0.434 0.254 0.062 0.024 0.013 0.092
1 29 0.011 0.000 0.003 0.007 0.018 0.036 0.060 0.097 0.128 0.145 0.504
7 27 0.011 0.000 0.002 0.009 0.056 0.203 0.288 0.209 0.112 0.055 0.065
3 12 0.011 0.000 0.002 0.008 0.034 0.078 0.136 0.189 0.180 0.141 0.231
1 28 0.010 0.000 0.003 0.007 0.021 0.044 0.078 0.121 0.154 0.162 0.409
19 26 0.010 0.000 0.002 0.008 0.167 0.745 0.031 0.010 0.008 0.004 0.024
9 27 0.010 0.000 0.002 0.008 0.053 0.199 0.301 0.249 0.104 0.034 0.050
6 22 0.010 0.000 0.002 0.008 0.059 0.181 0.208 0.158 0.109 0.077 0.198
17 28 0.010 0.000 0.002 0.007 0.086 0.725 0.097 0.022 0.014 0.006 0.041
2 18 0.009 0.000 0.002 0.007 0.033 0.106 0.203 0.201 0.140 0.096 0.212
9 18 0.009 0.000 0.002 0.007 0.033 0.095 0.178 0.213 0.174 0.121 0.176
15 24 0.009 0.000 0.001 0.008 0.132 0.615 0.208 0.015 0.003 0.002 0.015
2 8 0.009 0.000 0.002 0.007 0.041 0.134 0.235 0.233 0.149 0.088 0.112
20 27 0.008 0.000 0.000 0.008 0.168 0.525 0.233 0.032 0.005 0.002 0.027
1 27 0.008 0.000 0.002 0.006 0.022 0.063 0.132 0.195 0.184 0.132 0.264
2 15 0.008 0.000 0.002 0.006 0.021 0.049 0.101 0.168 0.193 0.164 0.296
7 29 0.008 0.000 0.002 0.006 0.024 0.073 0.168 0.249 0.217 0.121 0.140
11 24 0.008 0.000 0.001 0.006 0.036 0.114 0.215 0.230 0.170 0.105 0.122
3 29 0.008 0.000 0.002 0.006 0.022 0.057 0.100 0.142 0.172 0.167 0.332
5 25 0.008 0.000 0.002 0.006 0.047 0.185 0.259 0.219 0.103 0.051 0.128
2 25 0.008 0.000 0.002 0.006 0.039 0.166 0.250 0.191 0.105 0.059 0.181
3 14 0.007 0.000 0.002 0.006 0.023 0.054 0.095 0.146 0.177 0.178 0.320
4 18 0.007 0.000 0.002 0.005 0.026 0.085 0.190 0.203 0.143 0.100 0.247
1 16 0.007 0.000 0.002 0.005 0.019 0.052 0.107 0.174 0.179 0.141 0.320
7 23 0.007 0.000 0.001 0.006 0.041 0.157 0.239 0.189 0.119 0.074 0.173
2 20 0.007 0.000 0.002 0.005 0.029 0.093 0.145 0.170 0.144 0.110 0.302
13 27 0.007 0.000 0.001 0.005 0.066 0.428 0.350 0.063 0.023 0.011 0.052
6 29 0.007 0.000 0.001 0.005 0.021 0.069 0.169 0.251 0.208 0.118 0.158
3 13 0.007 0.000 0.001 0.005 0.023 0.058 0.108 0.160 0.176 0.161 0.308
11 18 0.006 0.000 0.001 0.005 0.024 0.070 0.137 0.214 0.213 0.158 0.178
4 21 0.006 0.000 0.001 0.005 0.033 0.081 0.144 0.171 0.147 0.109 0.309
1 12 0.006 0.000 0.002 0.004 0.017 0.043 0.081 0.124 0.152 0.153 0.423
8 18 0.006 0.000 0.001 0.005 0.021 0.064 0.142 0.212 0.198 0.144 0.212
6 20 0.006 0.000 0.001 0.005 0.035 0.100 0.159 0.179 0.153 0.117 0.251
8 29 0.006 0.000 0.001 0.004 0.020 0.058 0.137 0.250 0.252 0.134 0.143
4 25 0.006 0.000 0.001 0.004 0.030 0.139 0.274 0.219 0.107 0.056 0.169
9 19 0.006 0.000 0.001 0.004 0.025 0.072 0.138 0.176 0.167 0.140 0.276
2 12 0.005 0.000 0.001 0.004 0.015 0.037 0.075 0.131 0.174 0.184 0.378
5 18 0.005 0.000 0.001 0.004 0.021 0.067 0.161 0.213 0.173 0.118 0.242
11 27 0.005 0.000 0.001 0.004 0.035 0.172 0.336 0.278 0.098 0.028 0.048
2 28 0.005 0.000 0.001 0.004 0.015 0.040 0.084 0.132 0.163 0.187 0.375
2 29 0.005 0.000 0.001 0.004 0.011 0.028 0.058 0.103 0.139 0.166 0.491
5 15 0.005 0.000 0.001 0.004 0.021 0.063 0.136 0.210 0.213 0.158 0.195
18 28 0.005 0.000 0.001 0.004 0.044 0.510 0.367 0.030 0.009 0.005 0.031
16 24 0.005 0.000 0.001 0.004 0.118 0.802 0.046 0.009 0.006 0.003 0.012
4 16 0.005 0.000 0.001 0.003 0.014 0.042 0.100 0.185 0.209 0.168 0.278
2 14 0.005 0.000 0.001 0.003 0.013 0.031 0.058 0.092 0.130 0.169 0.502
18 29 0.005 0.000 0.001 0.004 0.032 0.216 0.444 0.178 0.031 0.010 0.085
1 14 0.004 0.000 0.001 0.003 0.011 0.030 0.058 0.098 0.135 0.161 0.502
4 20 0.004 0.000 0.001 0.003 0.020 0.071 0.146 0.182 0.150 0.110 0.318
4 15 0.004 0.000 0.001 0.003 0.015 0.046 0.107 0.181 0.205 0.178 0.263
2 27 0.004 0.000 0.001 0.003 0.016 0.051 0.123 0.220 0.220 0.138 0.228
9 25 0.004 0.000 0.001 0.003 0.033 0.172 0.290 0.242 0.130 0.058 0.071
1 13 0.004 0.000 0.001 0.003 0.011 0.032 0.067 0.114 0.146 0.158 0.468
8 19 0.004 0.000 0.001 0.003 0.022 0.076 0.141 0.172 0.165 0.142 0.278
11 19 0.004 0.000 0.001 0.003 0.012 0.028 0.072 0.146 0.192 0.192 0.353
2 16 0.004 0.000 0.001 0.003 0.014 0.038 0.099 0.199 0.210 0.158 0.278
12 27 0.004 0.000 0.001 0.003 0.033 0.196 0.347 0.298 0.061 0.015 0.046
5 16 0.004 0.000 0.001 0.003 0.013 0.037 0.097 0.203 0.241 0.184 0.222
12 18 0.003 0.000 0.001 0.003 0.016 0.058 0.137 0.241 0.248 0.189 0.108
5 12 0.003 0.000 0.001 0.003 0.016 0.057 0.130 0.220 0.199 0.153 0.222
4 12 0.003 0.000 0.001 0.003 0.014 0.040 0.102 0.184 0.208 0.175 0.274
8 28 0.003 0.000 0.001 0.003 0.019 0.073 0.198 0.305 0.221 0.092 0.088
7 22 0.003 0.000 0.001 0.003 0.016 0.063 0.156 0.216 0.170 0.116 0.261
2 13 0.003 0.000 0.001 0.002 0.012 0.033 0.065 0.110 0.151 0.176 0.450
17 23 0.003 0.000 0.000 0.002 0.110 0.794 0.051 0.008 0.007 0.003 0.023
7 20 0.003 0.000 0.001 0.002 0.011 0.040 0.100 0.166 0.178 0.155 0.346
6 21 0.003 0.000 0.000 0.002 0.017 0.071 0.161 0.201 0.163 0.121 0.264
4 14 0.003 0.000 0.001 0.002 0.007 0.021 0.050 0.106 0.160 0.196 0.458
8 27 0.002 0.000 0.000 0.002 0.014 0.060 0.180 0.350 0.243 0.082 0.068
20 26 0.002 0.000 0.000 0.002 0.079 0.665 0.210 0.017 0.006 0.003 0.017
19 27 0.002 0.000 0.000 0.002 0.034 0.492 0.417 0.025 0.006 0.003 0.020
5 13 0.002 0.000 0.001 0.002 0.009 0.027 0.081 0.159 0.203 0.198 0.321
5 14 0.002 0.000 0.001 0.002 0.008 0.026 0.069 0.134 0.180 0.206 0.375
5 27 0.002 0.000 0.000 0.002 0.010 0.042 0.150 0.305 0.235 0.110 0.147
4 13 0.002 0.000 0.000 0.002 0.008 0.023 0.061 0.135 0.185 0.196 0.389
5 21 0.002 0.000 0.000 0.002 0.013 0.049 0.130 0.187 0.175 0.135 0.308
8 25 0.002 0.000 0.000 0.002 0.012 0.058 0.191 0.346 0.217 0.083 0.091
5 20 0.002 0.000 0.000 0.002 0.012 0.047 0.120 0.185 0.182 0.141 0.311
5 29 0.002 0.000 0.000 0.001 0.005 0.017 0.050 0.124 0.207 0.230 0.365
5 28 0.002 0.000 0.000 0.001 0.007 0.030 0.103 0.204 0.247 0.198 0.210
13 24 0.002 0.000 0.000 0.001 0.007 0.034 0.136 0.317 0.311 0.143 0.051
12 24 0.002 0.000 0.000 0.001 0.008 0.039 0.156 0.296 0.258 0.141 0.101
4 29 0.002 0.000 0.000 0.001 0.004 0.014 0.039 0.098 0.161 0.202 0.480
11 25 0.001 0.000 0.000 0.001 0.010 0.051 0.180 0.295 0.232 0.123 0.106
10 23 0.001 0.000 0.000 0.001 0.011 0.054 0.166 0.234 0.198 0.137 0.200
7 21 0.001 0.000 0.000 0.001 0.006 0.021 0.070 0.154 0.204 0.180 0.364
4 27 0.001 0.000 0.000 0.001 0.006 0.027 0.101 0.260 0.264 0.143 0.197
4 28 0.001 0.000 0.000 0.001 0.006 0.023 0.070 0.147 0.199 0.220 0.334
13 19 0.001 0.000 0.000 0.001 0.004 0.014 0.038 0.106 0.212 0.342 0.283
10 20 0.001 0.000 0.000 0.001 0.005 0.019 0.067 0.148 0.191 0.187 0.382
9 23 0.001 0.000 0.000 0.001 0.006 0.033 0.126 0.231 0.220 0.159 0.225
12 19 0.001 0.000 0.000 0.001 0.004 0.018 0.052 0.128 0.196 0.228 0.373
14 25 0.001 0.000 0.000 0.001 0.004 0.017 0.152 0.708 0.075 0.014 0.029
8 23 0.001 0.000 0.000 0.001 0.006 0.029 0.109 0.231 0.241 0.160 0.224
13 25 0.001 0.000 0.000 0.001 0.005 0.023 0.141 0.392 0.325 0.075 0.038
9 20 0.001 0.000 0.000 0.001 0.003 0.012 0.047 0.119 0.182 0.199 0.437
12 25 0.001 0.000 0.000 0.000 0.004 0.022 0.104 0.298 0.327 0.164 0.081
8 22 0.001 0.000 0.000 0.000 0.003 0.014 0.057 0.147 0.211 0.200 0.367
14 24 0.001 0.000 0.000 0.000 0.003 0.013 0.077 0.453 0.396 0.038 0.019
14 20 0.001 0.000 0.000 0.000 0.001 0.005 0.016 0.054 0.153 0.356 0.413
10 22 0.000 0.000 0.000 0.000 0.003 0.013 0.055 0.148 0.215 0.202 0.363
20 29 0.000 0.000 0.000 0.000 0.001 0.006 0.034 0.152 0.371 0.297 0.138
8 20 0.000 0.000 0.000 0.000 0.002 0.009 0.037 0.112 0.186 0.207 0.446
11 20 0.000 0.000 0.000 0.000 0.002 0.007 0.024 0.066 0.121 0.178 0.601
9 22 0.000 0.000 0.000 0.000 0.002 0.009 0.039 0.124 0.206 0.210 0.409
13 20 0.000 0.000 0.000 0.000 0.001 0.005 0.017 0.050 0.108 0.201 0.617
19 29 0.000 0.000 0.000 0.000 0.001 0.005 0.028 0.166 0.477 0.227 0.094
12 20 0.000 0.000 0.000 0.000 0.001 0.004 0.016 0.049 0.107 0.180 0.642
10 21 0.000 0.000 0.000 0.000 0.001 0.006 0.025 0.080 0.168 0.219 0.500
9 21 0.000 0.000 0.000 0.000 0.001 0.005 0.020 0.065 0.142 0.211 0.556
11 23 0.000 0.000 0.000 0.000 0.001 0.006 0.028 0.103 0.203 0.237 0.422
16 23 0.000 0.000 0.000 0.000 0.001 0.007 0.165 0.776 0.025 0.005 0.021
23 29 0.000 0.000 0.000 0.000 0.000 0.002 0.006 0.027 0.159 0.561 0.245
16 22 0.000 0.000 0.000 0.000 0.001 0.003 0.010 0.115 0.684 0.170 0.017
15 23 0.000 0.000 0.000 0.000 0.002 0.011 0.140 0.591 0.218 0.015 0.022
15 22 0.000 0.000 0.000 0.000 0.001 0.002 0.009 0.051 0.286 0.549 0.102
8 21 0.000 0.000 0.000 0.000 0.001 0.004 0.020 0.068 0.149 0.216 0.541
19 28 0.000 0.000 0.000 0.000 0.001 0.006 0.032 0.348 0.545 0.039 0.028
20 28 0.000 0.000 0.000 0.000 0.001 0.008 0.088 0.453 0.363 0.053 0.033
12 23 0.000 0.000 0.000 0.000 0.001 0.002 0.010 0.045 0.147 0.283 0.511
15 21 0.000 0.000 0.000 0.000 0.001 0.002 0.009 0.043 0.200 0.508 0.237
13 23 0.000 0.000 0.000 0.000 0.000 0.002 0.008 0.030 0.104 0.252 0.604
14 23 0.000 0.000 0.000 0.000 0.000 0.001 0.004 0.015 0.066 0.372 0.542
11 22 0.000 0.000 0.000 0.000 0.001 0.002 0.009 0.033 0.088 0.177 0.690
21 27 0.000 0.000 0.000 0.000 0.001 0.009 0.108 0.527 0.312 0.029 0.014
11 21 0.000 0.000 0.000 0.000 0.001 0.002 0.007 0.022 0.058 0.125 0.786
12 21 0.000 0.000 0.000 0.000 0.000 0.001 0.004 0.013 0.034 0.082 0.866
12 22 0.000 0.000 0.000 0.000 0.000 0.001 0.004 0.015 0.045 0.116 0.818
13 22 0.000 0.000 0.000 0.000 0.000 0.001 0.003 0.010 0.027 0.076 0.884
21 29 0.000 0.000 0.000 0.000 0.000 0.001 0.003 0.011 0.041 0.144 0.800
13 21 0.000 0.000 0.000 0.000 0.000 0.001 0.003 0.009 0.023 0.059 0.906
14 21 0.000 0.000 0.000 0.000 0.000 0.001 0.002 0.007 0.019 0.060 0.911
22 29 0.000 0.000 0.000 0.000 0.000 0.001 0.002 0.005 0.015 0.068 0.910
14 22 0.000 0.000 0.000 0.000 0.000 0.001 0.002 0.006 0.016 0.056 0.919
21 28 0.000 0.000 0.000 0.000 0.000 0.000 0.003 0.015 0.084 0.417 0.481
22 28 0.000 0.000 0.000 0.000 0.000 0.000 0.001 0.003 0.015 0.163 0.818
END