TARGET 616271
REMARK this file contains estimated Cb-Cb distance information
AUTHOR RaptorX-Contact
METHOD deep dilated residual networks (one variant of deep CNN). Consult jinboxu@gmail.com for details. 
REMARK first 2 columns: residue numbers, 3rd column: estimated distance, 4th columns: distance standard deviation
REMARK the other 8 columns: estimated distance (lower and upper) deviations by 4 different methods
SEQ VSCEDCPEHCSTQKAQAKCDNDKCVCEPI
1 4 10.063 2.584 1.628 2.006 2.227 2.940 1.650 1.894 1.190 1.369
1 5 10.967 3.364 2.447 2.308 3.610 3.139 3.051 2.592 1.658 1.697
1 6 11.366 3.674 2.544 2.650 3.517 3.839 2.923 3.210 1.841 1.829
1 7 13.529 3.169 2.233 2.249 3.124 3.216 2.558 2.671 1.596 1.573
1 24 11.590 3.521 2.327 2.643 3.129 3.951 2.568 3.173 1.730 1.767
1 25 13.927 2.772 1.960 1.960 2.749 2.794 2.202 2.274 1.397 1.375
1 26 13.243 3.251 2.319 2.279 3.274 3.228 2.645 2.664 1.643 1.608
1 27 15.267 2.767 2.093 1.810 3.053 2.486 2.376 2.105 1.434 1.318
2 5 8.777 3.033 2.052 2.233 3.071 3.002 2.720 2.194 1.371 1.662
2 6 9.978 3.070 1.986 2.342 2.664 3.513 2.300 2.878 1.481 1.561
2 7 12.664 2.917 2.003 2.120 2.764 3.076 2.289 2.530 1.451 1.461
2 8 14.249 2.706 1.923 1.904 2.697 2.716 2.150 2.222 1.371 1.335
2 10 13.845 3.113 2.248 2.154 3.194 3.032 2.567 2.519 1.582 1.530
2 24 10.909 3.475 2.160 2.722 2.815 4.245 2.366 3.386 1.657 1.746
2 26 12.935 3.074 2.138 2.209 2.990 3.160 2.438 2.549 1.528 1.545
2 27 15.547 2.535 1.924 1.650 2.820 2.257 2.176 1.896 1.313 1.206
3 6 7.817 2.925 1.683 2.393 2.185 3.751 1.960 2.854 1.296 1.527
3 7 10.796 2.885 1.972 2.105 2.725 3.051 2.191 2.412 1.427 1.453
3 8 12.446 2.783 1.893 2.041 2.581 3.002 2.114 2.460 1.388 1.387
3 9 12.852 3.083 2.158 2.203 3.015 3.153 2.453 2.575 1.544 1.538
3 10 11.993 3.588 2.513 2.560 3.499 3.680 2.839 3.026 1.805 1.781
3 11 13.657 3.372 2.468 2.298 3.547 3.200 2.857 2.680 1.717 1.651
3 17 12.013 3.877 2.637 2.842 3.602 4.172 3.036 3.505 1.930 1.936
3 18 12.510 3.543 2.364 2.639 3.188 3.933 2.711 3.313 1.753 1.770
3 19 10.611 4.721 3.148 3.518 4.283 5.188 3.774 4.434 2.314 2.386
3 22 11.787 3.909 2.640 2.883 3.575 4.275 2.976 3.570 1.950 1.944
3 23 11.265 3.638 2.339 2.786 3.089 4.265 2.604 3.497 1.771 1.820
3 24 8.301 4.290 2.481 3.499 3.185 5.579 2.924 4.511 1.933 2.194
3 25 11.424 3.399 2.118 2.658 2.749 4.170 2.343 3.421 1.632 1.695
3 26 10.466 3.689 2.413 2.790 3.254 4.158 2.663 3.252 1.789 1.872
3 27 13.594 2.885 2.000 2.079 2.775 2.998 2.251 2.431 1.441 1.441
3 28 14.976 3.106 2.366 2.012 3.512 2.723 2.817 2.341 1.594 1.487
4 7 10.400 2.544 1.658 1.930 2.430 2.640 1.909 1.661 1.131 1.411
4 8 12.447 2.193 1.592 1.508 2.329 2.066 1.794 1.574 1.088 1.101
4 9 13.589 2.585 1.938 1.712 2.891 2.306 2.325 1.898 1.299 1.270
4 10 12.914 3.056 2.073 2.246 2.826 3.305 2.315 2.698 1.521 1.526
4 23 13.027 3.047 2.129 2.179 2.958 3.140 2.360 2.539 1.533 1.512
4 24 10.690 3.326 2.037 2.628 2.642 4.128 2.189 3.211 1.571 1.673
4 26 12.792 2.775 1.848 2.070 2.509 3.060 2.048 2.429 1.361 1.400
5 8 10.889 2.060 1.186 1.685 1.553 2.609 1.089 1.524 0.906 1.088
5 9 12.476 2.102 1.613 1.348 2.470 1.780 1.733 1.288 1.053 1.021
5 10 12.379 3.028 2.030 2.246 2.750 3.330 2.364 2.832 1.499 1.515
5 23 13.149 3.037 2.159 2.135 3.043 3.030 2.416 2.449 1.532 1.505
5 24 10.436 3.404 2.143 2.644 2.832 4.044 2.318 3.103 1.621 1.729
5 25 13.636 2.544 1.750 1.847 2.435 2.657 1.978 2.113 1.257 1.285
5 26 11.901 2.756 1.746 2.133 2.320 3.238 1.913 2.497 1.314 1.405
6 9 8.938 2.650 1.620 2.098 2.293 2.965 1.749 1.744 1.145 1.484
6 10 8.838 3.555 2.274 2.732 3.045 4.108 2.743 3.457 1.698 1.817
6 11 11.306 3.371 2.257 2.504 3.017 3.774 2.496 3.172 1.688 1.662
6 12 12.982 3.070 2.045 2.290 2.784 3.374 2.360 2.766 1.502 1.554
6 13 13.965 2.928 2.075 2.067 2.930 2.927 2.398 2.410 1.469 1.460
6 15 12.619 3.175 2.222 2.268 3.114 3.236 2.532 2.624 1.585 1.589
6 16 13.518 2.994 2.123 2.111 2.979 3.009 2.386 2.461 1.513 1.481
6 17 11.889 3.784 2.606 2.743 3.610 3.965 3.029 3.297 1.881 1.898
6 19 12.112 4.057 2.834 2.902 3.935 4.183 3.277 3.533 2.041 2.013
6 23 12.401 3.062 2.011 2.310 2.708 3.447 2.269 2.786 1.493 1.548
6 24 8.274 3.708 2.184 2.996 2.860 4.641 2.548 3.566 1.668 1.934
6 25 11.385 2.924 1.821 2.288 2.382 3.549 1.960 2.754 1.392 1.475
6 26 8.931 3.236 1.974 2.564 2.630 3.881 2.210 2.853 1.482 1.694
6 27 12.803 2.639 1.743 1.981 2.360 2.938 1.921 2.304 1.287 1.336
6 28 13.839 2.697 1.913 1.901 2.699 2.696 2.155 2.176 1.356 1.341
7 10 7.781 3.251 1.881 2.651 2.470 4.092 2.265 3.129 1.433 1.718
7 11 10.503 3.241 2.156 2.420 2.961 3.530 2.568 2.897 1.570 1.659
7 12 12.541 2.937 1.965 2.183 2.680 3.211 2.311 2.688 1.441 1.484
7 13 13.753 2.973 2.081 2.123 2.931 3.016 2.436 2.478 1.478 1.495
7 15 12.853 3.219 2.276 2.277 3.195 3.243 2.567 2.642 1.621 1.598
7 16 13.878 3.215 2.383 2.158 3.466 2.971 2.764 2.476 1.638 1.567
7 17 12.736 3.738 2.656 2.630 3.743 3.732 3.109 3.152 1.884 1.853
7 24 10.413 3.267 2.009 2.577 2.614 4.026 2.171 3.130 1.544 1.649
7 25 12.680 2.694 1.761 2.039 2.353 3.075 1.904 2.425 1.318 1.352
7 26 10.032 3.076 1.914 2.408 2.527 3.688 2.089 2.810 1.449 1.572
7 27 13.539 2.595 1.774 1.894 2.439 2.760 1.967 2.209 1.290 1.300
8 11 8.884 3.203 1.991 2.509 2.814 3.551 2.552 2.560 1.409 1.773
8 12 11.210 3.151 2.232 2.225 3.229 3.078 2.704 2.472 1.542 1.608
8 13 12.833 3.107 2.168 2.226 3.014 3.204 2.534 2.715 1.559 1.547
8 14 13.742 3.144 2.277 2.169 3.248 3.041 2.617 2.526 1.596 1.547
8 15 12.598 3.241 2.250 2.333 3.100 3.391 2.500 2.784 1.633 1.605
8 17 13.612 3.242 2.350 2.233 3.355 3.129 2.704 2.605 1.646 1.593
8 24 12.820 2.676 1.760 2.016 2.375 3.002 1.946 2.371 1.305 1.353
8 26 11.939 2.403 1.532 1.852 2.043 2.799 1.652 2.121 1.148 1.225
9 12 9.593 3.186 2.062 2.429 3.020 3.324 2.591 2.261 1.408 1.775
9 13 11.580 3.137 2.285 2.149 3.378 2.918 2.811 2.371 1.545 1.583
9 14 12.845 2.943 2.097 2.065 2.980 2.907 2.467 2.419 1.475 1.468
9 15 11.798 3.308 2.226 2.447 3.000 3.651 2.419 2.968 1.653 1.640
9 16 13.539 3.015 2.157 2.106 3.052 2.977 2.455 2.450 1.524 1.490
9 17 13.154 3.323 2.361 2.339 3.331 3.316 2.729 2.755 1.673 1.650
9 24 12.487 2.887 1.903 2.171 2.575 3.222 2.135 2.568 1.406 1.463
9 25 13.919 2.443 1.673 1.781 2.310 2.582 1.880 2.073 1.211 1.228
9 26 10.150 2.785 1.760 2.158 2.356 3.247 1.911 2.414 1.315 1.435
9 27 13.470 2.407 1.688 1.716 2.373 2.440 1.897 1.941 1.200 1.206
9 28 12.772 2.640 1.847 1.886 2.596 2.684 2.064 2.117 1.314 1.325
9 29 13.533 2.628 1.887 1.828 2.688 2.568 2.104 2.046 1.325 1.302
10 13 9.367 3.004 1.947 2.288 2.810 3.173 2.383 2.200 1.349 1.650
10 14 11.025 2.816 1.933 2.047 2.705 2.927 2.187 2.283 1.382 1.432
10 15 10.249 3.661 2.478 2.695 3.385 3.956 2.760 3.185 1.814 1.836
10 16 12.402 3.229 2.196 2.367 2.990 3.489 2.430 2.847 1.613 1.606
10 17 12.160 3.562 2.452 2.583 3.376 3.759 2.786 3.112 1.781 1.775
10 18 13.790 3.077 2.186 2.166 3.070 3.085 2.491 2.562 1.557 1.521
10 24 11.672 3.187 2.088 2.408 2.805 3.606 2.302 2.860 1.554 1.608
10 25 12.472 2.774 1.784 2.124 2.376 3.216 1.984 2.564 1.340 1.403
10 26 8.184 3.207 1.900 2.583 2.513 3.949 2.183 2.917 1.437 1.690
10 27 11.280 2.504 1.566 1.954 2.062 3.005 1.661 2.267 1.190 1.271
10 28 11.145 2.630 1.693 2.013 2.258 3.041 1.781 2.284 1.269 1.332
10 29 11.652 2.633 1.748 1.969 2.377 2.906 1.880 2.217 1.286 1.334
11 14 10.227 2.777 1.794 2.120 2.537 2.999 1.917 1.919 1.269 1.499
11 15 10.494 3.234 2.202 2.368 3.061 3.409 2.562 2.744 1.583 1.646
11 16 13.384 2.977 2.168 2.040 3.131 2.827 2.561 2.360 1.502 1.472
11 17 14.194 3.055 2.211 2.109 3.147 2.963 2.553 2.488 1.553 1.500
11 26 11.156 2.657 1.699 2.043 2.273 3.075 1.868 2.361 1.269 1.358
11 27 13.629 2.179 1.525 1.556 2.145 2.212 1.699 1.736 1.084 1.094
11 28 12.529 2.431 1.684 1.753 2.346 2.518 1.843 1.958 1.209 1.221
11 29 12.300 2.667 1.843 1.928 2.561 2.776 2.017 2.164 1.326 1.339
12 15 8.986 3.217 2.120 2.419 3.115 3.302 2.729 2.357 1.443 1.772
12 16 12.376 2.693 2.001 1.802 2.997 2.420 2.390 1.921 1.336 1.342
12 17 13.951 2.774 2.053 1.866 3.001 2.558 2.439 2.144 1.404 1.361
12 26 11.342 2.241 1.441 1.716 1.946 2.553 1.587 1.926 1.067 1.153
12 27 13.402 1.986 1.409 1.399 2.020 1.952 1.618 1.530 0.982 1.003
12 28 11.489 2.290 1.468 1.757 1.979 2.621 1.582 1.936 1.089 1.179
12 29 11.108 2.615 1.627 2.047 2.133 3.166 1.685 2.344 1.241 1.324
13 16 10.625 2.362 1.528 1.801 2.146 2.565 1.506 1.550 1.088 1.264
13 17 13.101 2.158 1.613 1.434 2.397 1.939 1.764 1.462 1.086 1.060
13 18 15.248 2.137 1.664 1.341 2.501 1.796 1.846 1.465 1.107 1.002
13 26 11.031 2.104 1.364 1.602 1.862 2.354 1.497 1.735 1.000 1.090
13 27 12.073 1.776 1.115 1.383 1.506 2.057 1.175 1.423 0.825 0.930
13 28 10.230 2.594 1.660 1.994 2.265 2.931 1.745 2.025 1.216 1.356
13 29 9.357 3.056 1.774 2.489 2.282 3.957 1.868 2.856 1.379 1.565
14 17 11.463 2.194 1.324 1.750 1.733 2.712 1.213 1.701 1.011 1.129
14 18 13.697 1.664 1.177 1.176 1.673 1.656 1.200 1.178 0.829 0.836
14 19 17.003 1.617 1.297 0.966 1.957 1.290 1.362 1.067 0.859 0.724
14 26 10.519 1.624 0.906 1.348 1.187 2.085 0.885 1.233 0.691 0.871
14 27 10.377 1.813 0.955 1.541 1.186 2.599 0.864 1.593 0.769 0.914
14 28 8.276 2.571 1.304 2.215 1.612 3.770 1.369 2.596 1.055 1.302
14 29 6.999 3.322 1.656 2.880 2.010 5.080 1.812 3.824 1.364 1.633
15 18 10.014 1.687 0.940 1.401 1.255 2.114 0.912 1.164 0.704 0.929
15 19 13.530 1.327 0.949 0.927 1.359 1.295 0.983 0.935 0.663 0.664
15 20 15.264 1.584 1.187 1.048 1.716 1.452 1.260 1.156 0.821 0.757
15 24 11.220 1.320 0.882 0.982 1.229 1.411 0.941 1.001 0.633 0.684
15 25 10.255 1.448 0.777 1.221 1.017 1.894 0.785 1.102 0.594 0.788
15 26 5.636 2.181 0.950 1.963 1.159 3.427 0.993 2.033 0.779 1.125
15 27 6.861 1.893 0.790 1.721 0.952 3.081 0.766 1.690 0.655 0.961
15 28 6.546 2.464 1.096 2.207 1.288 4.200 1.103 2.889 0.932 1.160
15 29 7.488 2.819 1.384 2.456 1.687 4.293 1.442 2.963 1.135 1.405
16 19 11.137 1.492 0.775 1.274 1.001 2.015 0.746 1.120 0.600 0.806
16 20 13.328 1.216 0.839 0.880 1.183 1.250 0.885 0.898 0.595 0.620
16 21 17.259 1.118 0.869 0.703 1.275 0.961 0.891 0.774 0.593 0.514
16 23 14.614 0.864 0.625 0.597 0.898 0.831 0.621 0.584 0.435 0.428
16 24 10.865 1.093 0.625 0.897 0.845 1.331 0.623 0.750 0.462 0.604
16 25 9.594 1.538 0.728 1.355 0.929 2.183 0.712 1.137 0.571 0.841
16 26 7.386 1.744 0.697 1.599 0.842 2.850 0.679 1.479 0.577 0.897
16 27 5.813 2.196 0.919 1.994 1.099 3.638 0.947 2.205 0.769 1.093
16 28 8.679 2.120 0.995 1.872 1.196 3.374 0.936 2.102 0.827 1.039
16 29 8.351 3.202 1.750 2.681 2.212 4.382 1.920 3.208 1.384 1.640
17 20 10.818 1.138 0.656 0.930 0.886 1.383 0.676 0.821 0.486 0.625
17 21 14.226 0.969 0.713 0.657 1.025 0.914 0.745 0.698 0.496 0.472
17 22 13.205 1.131 0.803 0.797 1.146 1.116 0.851 0.820 0.562 0.568
17 23 10.920 1.113 0.611 0.930 0.822 1.392 0.623 0.771 0.454 0.622
17 24 6.195 1.644 0.764 1.456 0.993 2.277 0.811 1.172 0.587 0.931
17 25 7.353 1.518 0.626 1.383 0.788 2.280 0.615 1.057 0.498 0.839
17 26 5.799 1.855 0.748 1.697 0.906 3.009 0.753 1.614 0.618 0.957
17 27 8.063 1.658 0.786 1.460 1.001 2.357 0.755 1.211 0.617 0.905
17 28 11.217 1.466 0.837 1.204 1.104 1.845 0.784 1.057 0.634 0.785
17 29 11.806 1.972 1.214 1.554 1.616 2.354 1.282 1.660 0.912 1.026
18 21 11.060 0.829 0.520 0.646 0.714 0.942 0.530 0.598 0.379 0.443
18 22 11.787 1.089 0.692 0.841 0.949 1.230 0.740 0.843 0.505 0.575
18 23 9.629 1.355 0.621 1.204 0.801 1.904 0.607 0.910 0.481 0.762
18 24 7.447 1.554 0.590 1.438 0.733 2.424 0.572 1.053 0.475 0.853
18 25 5.698 1.811 0.736 1.655 0.910 2.819 0.754 1.435 0.596 0.971
18 26 7.944 1.472 0.674 1.308 0.874 2.056 0.656 0.965 0.520 0.832
18 27 7.233 1.892 0.984 1.616 1.298 2.477 1.062 1.432 0.746 1.054
18 28 11.873 1.357 0.878 1.034 1.210 1.503 0.906 1.008 0.637 0.712
18 29 12.945 1.771 1.214 1.289 1.698 1.844 1.306 1.368 0.869 0.901
19 22 7.476 1.727 0.912 1.466 1.204 2.247 0.956 1.290 0.692 0.956
19 23 7.055 1.328 0.599 1.186 0.784 1.838 0.598 0.839 0.458 0.765
19 24 5.701 1.498 0.606 1.370 0.764 2.250 0.620 1.051 0.481 0.835
19 25 7.673 1.298 0.663 1.116 0.907 1.635 0.675 0.774 0.485 0.762
19 26 10.719 1.244 0.726 1.010 0.993 1.480 0.698 0.802 0.531 0.689
19 27 11.942 1.220 0.800 0.921 1.115 1.322 0.848 0.902 0.575 0.641
20 23 6.330 2.102 0.860 1.918 1.036 3.436 0.861 1.903 0.713 1.071
20 24 8.421 1.376 0.622 1.227 0.765 2.106 0.581 1.130 0.505 0.715
20 25 6.438 1.641 0.922 1.358 1.223 2.067 1.024 1.349 0.695 0.892
20 26 11.401 1.243 0.762 0.982 1.035 1.452 0.808 0.958 0.561 0.665
20 27 11.270 1.504 0.987 1.135 1.355 1.656 1.085 1.223 0.718 0.778
21 24 10.121 0.917 0.609 0.686 0.878 0.951 0.646 0.597 0.422 0.494
21 25 9.932 1.084 0.767 0.766 1.086 1.082 0.813 0.808 0.541 0.543
21 26 14.740 1.010 0.758 0.668 1.099 0.922 0.798 0.726 0.523 0.483
22 25 11.084 0.820 0.568 0.592 0.804 0.836 0.606 0.602 0.401 0.419
22 26 14.964 0.854 0.617 0.591 0.880 0.829 0.641 0.620 0.433 0.421
22 27 16.880 1.049 0.797 0.681 1.158 0.939 0.838 0.755 0.549 0.494
23 26 10.594 0.823 0.494 0.659 0.687 0.947 0.525 0.561 0.355 0.458
23 27 13.101 0.917 0.666 0.630 0.955 0.879 0.724 0.687 0.465 0.451
23 28 16.821 1.057 0.794 0.698 1.149 0.965 0.847 0.772 0.548 0.505
24 27 10.669 0.790 0.505 0.607 0.708 0.866 0.533 0.551 0.360 0.426
24 28 14.307 0.990 0.720 0.679 1.045 0.937 0.773 0.698 0.496 0.492
24 29 15.868 1.373 1.055 0.878 1.549 1.200 1.102 0.956 0.719 0.643
25 28 11.139 1.117 0.605 0.938 0.810 1.412 0.612 0.773 0.452 0.624
25 29 13.406 1.283 0.908 0.907 1.291 1.275 0.943 0.922 0.638 0.645
26 29 10.475 1.729 0.899 1.477 1.161 2.333 0.855 1.279 0.696 0.935
END
